4,3
4,2
4,1
4,0
3,6
3,5
3,4
3,3
3,2
3,1
3,0
2,2
1,2
0,314
0,313
0,312
0,311
0,309
0,306
0,301
0,243
0,51
0,50
0,49
0,48
0,47
0,46
0,45
0,2
0,4
50,1
50,3
50,0
2,3
0,9
0,310
0,305
1,0
2,0
55,0
48,0
60,0
0,308
0,304
0,303
0,302
0,307
0,12
0,11
0,10
0,1
0,8
0,7
0,6
0,5
0,3
0,0
48,1
48,5
48,4
1,1
60,1
2,1
55,1
48,3
55,6
55,5
55,4
55,3
2,4
1,3
60,3
0,430
0,300
0,437
0,299
0,429
0,298
0,428
0,297
0,427
0,296
0,436
0,295
0,435
0,294
0,425
0,293
0,424
0,292
0,426
0,291
0,423
0,290
0,422
0,289
0,421
0,288
0,420
0,287
0,419
0,286
0,418
0,285
0,434
0,284
0,417
0,283
0,416
0,282
0,415
0,281
0,414
0,280
0,433
0,279
0,412
0,278
0,411
0,277
0,413
0,276
0,410
0,275
0,409
0,274
0,407
0,273
0,406
0,272
0,405
0,271
0,404
0,270
0,432
0,269
0,403
0,268
0,402
0,267
0,397
0,266
0,431
0,265
0,395
0,264
0,394
0,263
0,396
0,262
0,393
0,261
0,392
0,260
0,391
0,259
0,390
0,258
0,389
0,257
0,388
0,256
0,401
0,255
0,387
0,254
0,372
0,253
0,386
0,252
0,400
0,251
0,371
0,250
0,370
0,249
0,385
0,248
0,384
0,247
0,383
0,246
0,382
0,245
0,381
0,244
0,380
0,242
0,379
0,241
0,369
0,240
0,399
0,239
0,376
0,238
0,378
0,237
0,375
0,236
0,377
0,235
0,398
0,234
0,374
0,233
0,373
0,232
0,368
0,231
0,367
0,230
0,366
0,229
0,365
0,228
0,364
0,227
0,363
0,226
0,362
0,225
0,361
0,224
0,360
0,223
0,359
0,222
0,358
0,221
0,357
0,220
0,356
0,219
0,355
0,218
0,354
0,217
0,353
0,216
0,352
0,215
0,351
0,214
0,350
0,213
0,349
0,212
0,348
0,211
